wait()
-- setup plam

Folder0 = Instance.new("Folder")
CFrameValue1 = Instance.new("CFrameValue")
CFrameValue2 = Instance.new("CFrameValue")
IntValue3 = Instance.new("IntValue")
BoolValue4 = Instance.new("BoolValue")
Vector3Value5 = Instance.new("Vector3Value")
BoolValue6 = Instance.new("BoolValue")
IntValue7 = Instance.new("IntValue")
StringValue8 = Instance.new("StringValue")
CFrameValue9 = Instance.new("CFrameValue")
CFrameValue10 = Instance.new("CFrameValue")
CFrameValue11 = Instance.new("CFrameValue")
CFrameValue12 = Instance.new("CFrameValue")
CFrameValue13 = Instance.new("CFrameValue")
CFrameValue14 = Instance.new("CFrameValue")
CFrameValue15 = Instance.new("CFrameValue")
CFrameValue16 = Instance.new("CFrameValue")
BoolValue17 = Instance.new("BoolValue")
BoolValue18 = Instance.new("BoolValue")
IntValue19 = Instance.new("IntValue")
IntValue20 = Instance.new("IntValue")
IntValue21 = Instance.new("IntValue")
BoolValue22 = Instance.new("BoolValue")
BoolValue23 = Instance.new("BoolValue")
Folder0.Name = "plam"
Folder0.Parent = script
CFrameValue1.Name = "mps"
CFrameValue1.Parent = Folder0
CFrameValue2.Name = "lerp"
CFrameValue2.Parent = CFrameValue1
IntValue3.Name = "hat"
IntValue3.Parent = Folder0
BoolValue4.Name = "hasboard"
BoolValue4.Parent = Folder0
Vector3Value5.Name = "scale"
Vector3Value5.Parent = Folder0
BoolValue6.Name = "hasfly"
BoolValue6.Parent = Folder0
IntValue7.Name = "health"
IntValue7.Parent = Folder0
StringValue8.Name = "map"
StringValue8.Parent = Folder0
StringValue8.Value = "testmap"
CFrameValue9.Name = "legB"
CFrameValue9.Parent = Folder0
CFrameValue10.Name = "legA"
CFrameValue10.Parent = Folder0
CFrameValue11.Name = "head"
CFrameValue11.Parent = Folder0
CFrameValue12.Name = "armD"
CFrameValue12.Parent = Folder0
CFrameValue13.Name = "torso"
CFrameValue13.Parent = Folder0
CFrameValue14.Name = "armC"
CFrameValue14.Parent = Folder0
CFrameValue15.Name = "armA"
CFrameValue15.Parent = Folder0
CFrameValue16.Name = "armB"
CFrameValue16.Parent = Folder0
BoolValue17.Name = "bees"
BoolValue17.Parent = Folder0
BoolValue18.Name = "skate"
BoolValue18.Parent = Folder0
IntValue19.Name = "skin"
IntValue19.Parent = Folder0
IntValue20.Name = "last"
IntValue20.Parent = IntValue19
IntValue21.Name = "faceid"
IntValue21.Parent = Folder0
BoolValue22.Name = "hasflame"
BoolValue22.Parent = Folder0
BoolValue23.Name = "hastoy"
BoolValue23.Parent = Folder0

-- candy
local a=Instance.new"Part"
a.Name="candy"
a.Anchored=true
a.BottomSurface=0
a.CanCollide=false
a.EnableFluidForces=false
a.TopSurface=0
a.Size=Vector3.new(4,4,4)
a.CFrame=CFrame.new(-11.5,4,4.5)
a.Shape=0
local b=Instance.new"SpecialMesh"
b.Scale=Vector3.new(0.029999999329447746,0.029999999329447746,0.029999999329447746)
b.MeshId="rbxassetid://1144344176"
b.TextureId="rbxassetid://1144344185"
b.MeshType=5
b.Parent=a
local c=Instance.new"Attachment"
c.Name="pcl"
c.WorldPosition=Vector3.new(-11.5,4,4.5)
c.WorldCFrame=CFrame.new(-11.5,4,4.5)
c.Parent=a
local d=Instance.new"ParticleEmitter"
d.Name="candy"
d.Lifetime=NumberRange.new(0.2,0.2)
d.Transparency=NumberSequence.new({NumberSequenceKeypoint.new(0,0),NumberSequenceKeypoint.new(0.5,0.25),NumberSequenceKeypoint.new(1,1)})
d.LightEmission=1
d.Speed=NumberRange.new(0,0)
d.Size=NumberSequence.new(1.2021858,3.5519128)
d.Enabled=false
d.Rate=1
d.Texture="rbxassetid://1144384781"
d.Parent=c
local e=Instance.new"Vector3Value"
e.Name="pos"
e.Parent=a
a.Parent=script

-- cloud
local a=Instance.new"Part"
a.Name="cloud"
a.Anchored=true
a.BottomSurface=0
a.CanCollide=false
a.EnableFluidForces=false
a.Color=Color3.fromRGB(255,255,255)
a.Size=Vector3.new(1,1,1)
a.CFrame=CFrame.new(3.3000030517578125,9.384933471679688,0.8745574355125427)
local b=Instance.new"SpecialMesh"
b.Scale=Vector3.new(0.05000000074505806,0.05000000074505806,0.05000000074505806)
b.MeshId="rbxassetid://1103535082"
b.MeshType=5
b.Parent=a
local c=Instance.new"Vector3Value"
c.Name="speed"
c.Parent=a
local d=Instance.new"Vector3Value"
d.Name="rs"
d.Parent=a
local e=Instance.new"NumberValue"
e.Name="shrink"
e.Value=1
e.Parent=a
a.Parent=script

-- vis
local a=Instance.new"Model"
a.Name="vis"
a.WorldPivot=CFrame.new(12.182544708251953,4.4686479568481445,-0.4481191635131836)
local b=Instance.new"Folder"
b.Name="trs"
b.Parent=a
local c=Instance.new"MeshPart"
c.Name="jetpack"
c.Anchored=true
c.CanCollide=false
c.EnableFluidForces=false
c.Transparency=1
c.Size=Vector3.new(4.562994956970215,1.7396652698516846,1.235037922859192)
c.CFrame=CFrame.new(12.70846176147461,3.8798398971557617,-0.047512054443359375)
c.TextureID="rbxassetid://1238502458"
c.Parent=b
local d=Instance.new"MeshPart"
d.Name="booster"
d.Anchored=true
d.CanCollide=false
d.EnableFluidForces=false
d.Transparency=1
d.Size=Vector3.new(1.3079520463943481,0.8297310471534729,0.6070631742477417)
d.CFrame=CFrame.new(12.708000183105469,2.880000114440918,-0.04800009727478027)
d.TextureID="rbxassetid://1120917795"
d.Parent=c
local e=Instance.new"Attachment"
e.Name="gastA"
e.CFrame=CFrame.new(-2.1519174575805664,-0.46752262115478516,0.11852741241455078)
e.WorldPosition=Vector3.new(10.556544303894043,3.4123172760009766,0.0710153579711914)
e.WorldCFrame=CFrame.new(10.556544303894043,3.4123172760009766,0.0710153579711914)
e.Position=Vector3.new(-2.1519174575805664,-0.46752262115478516,0.11852741241455078)
e.Parent=c
local f=Instance.new"Attachment"
f.Name="gastD"
f.CFrame=CFrame.new(2.1519999504089355,-0.46799999475479126,0.11900000274181366)
f.WorldPosition=Vector3.new(14.860462188720703,3.4118399620056152,0.07148794829845428)
f.WorldCFrame=CFrame.new(14.860462188720703,3.4118399620056152,0.07148794829845428)
f.Position=Vector3.new(2.1519999504089355,-0.46799999475479126,0.11900000274181366)
f.Parent=c
local g=Instance.new"Trail"
g.Name="TrailA"
g.Enabled=false
g.Lifetime=1
g.Parent=c
local h=Instance.new"Attachment"
h.Name="gastB"
h.CFrame=CFrame.new(-1.8607556819915771,-0.46752262115478516,0.11852741241455078)
h.WorldPosition=Vector3.new(10.847705841064453,3.4123172760009766,0.0710153579711914)
h.WorldCFrame=CFrame.new(10.847705841064453,3.4123172760009766,0.0710153579711914)
h.Position=Vector3.new(-1.8607556819915771,-0.46752262115478516,0.11852741241455078)
h.Parent=c
local i=Instance.new"Attachment"
i.Name="gastC"
i.CFrame=CFrame.new(1.8609999418258667,-0.46799999475479126,0.11900000274181366)
i.WorldPosition=Vector3.new(14.569461822509766,3.4118399620056152,0.07148794829845428)
i.WorldCFrame=CFrame.new(14.569461822509766,3.4118399620056152,0.07148794829845428)
i.Position=Vector3.new(1.8609999418258667,-0.46799999475479126,0.11900000274181366)
i.Parent=c
local j=Instance.new"Trail"
j.Name="TrailB"
j.Enabled=false
j.Lifetime=1
j.Parent=c
local k=Instance.new"MeshPart"
k.Name="board"
k.Anchored=true
k.CanCollide=false
k.EnableFluidForces=false
k.Transparency=1
k.Material=1296
k.Size=Vector3.new(1.5284429788589478,0.3994407057762146,4.422670364379883)
k.CFrame=CFrame.new(8,3.1987056732177734,0)
k.TextureID="rbxassetid://1141950241"
k.Parent=b
local l=Instance.new"MeshPart"
l.Name="w2"
l.Anchored=true
l.CanCollide=false
l.EnableFluidForces=false
l.Transparency=1
l.Material=1296
l.Size=Vector3.new(1.4811846017837524,0.39673104882240295,0.4581053853034973)
l.CFrame=CFrame.new(8.004875183105469,2.795848846435547,1.2663297653198242)
l.TextureID="rbxassetid://1141950241"
l.Parent=k
local m=Instance.new"MeshPart"
m.Name="w1"
m.Anchored=true
m.CanCollide=false
m.EnableFluidForces=false
m.Transparency=1
m.Material=1296
m.Size=Vector3.new(1.4811846017837524,0.39673104882240295,0.4581053853034973)
m.CFrame=CFrame.new(8.004880905151367,2.7958555221557617,-1.2663369178771973)
m.TextureID="rbxassetid://1141950241"
m.Parent=k
local n=Instance.new"ParticleEmitter"
n.Name="cool"
n.Lifetime=NumberRange.new(0.2,1)
n.SpreadAngle=Vector2.new(3,3)
n.Transparency=NumberSequence.new({NumberSequenceKeypoint.new(0,1),NumberSequenceKeypoint.new(0.05,0.4,0.1),NumberSequenceKeypoint.new(0.7,0.6,0.05),NumberSequenceKeypoint.new(1,1)})
n.Color=ColorSequence.new({ColorSequenceKeypoint.new(0,Color3.fromRGB(220,255,255)),ColorSequenceKeypoint.new(0.65,Color3.fromRGB(255,255,255)),ColorSequenceKeypoint.new(1,Color3.fromRGB(170,255,255))})
n.VelocitySpread=3
n.Speed=NumberRange.new(9,9)
n.Size=NumberSequence.new(0.8749998,2.1875)
n.Enabled=false
n.Acceleration=Vector3.new(0,-4,0)
n.RotSpeed=NumberRange.new(-40,40)
n.Rate=40
n.Texture="rbxassetid://1213126864"
n.Rotation=NumberRange.new(-90,90)
n.Parent=k
local o=Instance.new"MeshPart"
o.Name="bt3"
o.Anchored=true
o.CanCollide=false
o.EnableFluidForces=false
o.Transparency=1
o.TopSurface=3
o.Material=272
o.Size=Vector3.new(0.30000001192092896,0.4000000059604645,0.30000001192092896)
o.CFrame=CFrame.new(18.18000030517578,3.7100000381469727,0.23999999463558197,-4.371138828673793e-08,0,1,-0.1696934998035431,0.9854968786239624,-7.417538583354144e-09,-0.9854968786239624,-0.1696934998035431,-4.307743495246541e-08)
o.TextureID="rbxassetid://1129642240"
o.Parent=b
local p=Instance.new"Vector3Value"
p.Name="OS"
p.Value=Vector3.new(0.30000001192092896,0.4000000059604645,0.30000001192092896)
p.Parent=o
local q=Instance.new"MeshPart"
q.Name="bt4"
q.Anchored=true
q.CanCollide=false
q.EnableFluidForces=false
q.Transparency=1
q.TopSurface=3
q.Material=272
q.Size=Vector3.new(0.30000001192092896,0.4000000059604645,0.30000001192092896)
q.CFrame=CFrame.new(18.18000030517578,4.03000020980835,0.1899999976158142,-4.371138828673793e-08,0,1,-0.1696934998035431,0.9854968786239624,-7.417538583354144e-09,-0.9854968786239624,-0.1696934998035431,-4.307743495246541e-08)
q.TextureID="rbxassetid://1129642240"
q.Parent=b
local r=Instance.new"Vector3Value"
r.Name="OS"
r.Value=Vector3.new(0.30000001192092896,0.4000000059604645,0.30000001192092896)
r.Parent=q
local s=Instance.new"MeshPart"
s.Name="bt2"
s.Anchored=true
s.CanCollide=false
s.EnableFluidForces=false
s.Transparency=1
s.TopSurface=3
s.Material=272
s.Size=Vector3.new(0.30000001192092896,0.4000000059604645,0.30000001192092896)
s.CFrame=CFrame.new(17.920000076293945,3.7100000381469727,0.23999999463558197,-4.371138828673793e-08,0,1,-0.1696934998035431,0.9854968786239624,-7.417538583354144e-09,-0.9854968786239624,-0.1696934998035431,-4.307743495246541e-08)
s.TextureID="rbxassetid://1129642240"
s.Parent=b
local t=Instance.new"Vector3Value"
t.Name="OS"
t.Value=Vector3.new(0.30000001192092896,0.4000000059604645,0.30000001192092896)
t.Parent=s
local u=Instance.new"MeshPart"
u.Name="bt1"
u.Anchored=true
u.CanCollide=false
u.EnableFluidForces=false
u.Transparency=1
u.TopSurface=3
u.Material=272
u.Size=Vector3.new(0.30000001192092896,0.4000000059604645,0.30000001192092896)
u.CFrame=CFrame.new(17.920000076293945,4.03000020980835,0.1899999976158142,-4.371138828673793e-08,0,1,-0.1696934998035431,0.9854968786239624,-7.417538583354144e-09,-0.9854968786239624,-0.1696934998035431,-4.307743495246541e-08)
u.TextureID="rbxassetid://1129642240"
u.Parent=b
local v=Instance.new"Vector3Value"
v.Name="OS"
v.Value=Vector3.new(0.30000001192092896,0.4000000059604645,0.30000001192092896)
v.Parent=u
local w=Instance.new"Part"
w.Name="shadow"
w.Anchored=true
w.BottomSurface=0
w.CanCollide=false
w.EnableFluidForces=false
w.Transparency=1
w.TopSurface=0
w.Color=Color3.fromRGB(205,205,205)
w.Material=1312
w.Size=Vector3.new(0.05000000074505806,1,0.05000000074505806)
w.CFrame=CFrame.new(18,0,0)
w.Parent=b
local x=Instance.new"Decal"
x.Face=1
x.Color3=Color3.fromRGB(0,0,0)
x.Texture="rbxassetid://1418644211"
x.Parent=w
local y=Instance.new"SpecialMesh"
y.MeshType=3
y.Parent=w
local z=Instance.new"MeshPart"
z.Name="pack"
z.Anchored=true
z.CanCollide=false
z.EnableFluidForces=false
z.Transparency=1
z.TopSurface=3
z.Material=1296
z.Size=Vector3.new(0.6600000262260437,0.20000000298023224,0.8399999737739563)
z.CFrame=CFrame.new(18.049999237060547,3.873321533203125,1.5809999704360962,-1,-8.742277657347586e-08,0,-1.1138605593430384e-08,0.12741079926490784,0.9918500185012817,-8.671027984519242e-08,0.9918500185012817,-0.12741079926490784)
z.TextureID="rbxassetid://1218977833"
z.Parent=b
local A=Instance.new"Vector3Value"
A.Name="OS"
A.Value=Vector3.new(0.6600000262260437,0.20000000298023224,0.8399999737739563)
A.Parent=z
local B=Instance.new"MeshPart"
B.Name="flamethrower"
B.Anchored=true
B.CanCollide=false
B.EnableFluidForces=false
B.Transparency=1
B.Material=272
B.Size=Vector3.new(1.1836272478103638,2.568300247192383,4.4850053787231445)
B.CFrame=CFrame.new(4.356902599334717,5.472165584564209,-0.8650708198547363)
B.TextureID="rbxassetid://1399088147"
B.Parent=b
local C=Instance.new"Vector3Value"
C.Name="OS"
C.Value=Vector3.new(1.184000015258789,2.568000078201294,4.485000133514404)
C.Parent=B
local D=Instance.new"Attachment"
D.Name="pcl"
D.CFrame=CFrame.new(0,-0.18114614486694336,-3.1931700706481934)
D.WorldPosition=Vector3.new(4.356902599334717,5.291019439697266,-4.05824089050293)
D.WorldCFrame=CFrame.new(4.356902599334717,5.291019439697266,-4.05824089050293)
D.Position=Vector3.new(0,-0.18114614486694336,-3.1931700706481934)
D.Parent=B
local E=Instance.new"ParticleEmitter"
E.Name="p"
E.LightInfluence=1
E.Lifetime=NumberRange.new(0.75,0.75)
E.SpreadAngle=Vector2.new(10,10)
E.Transparency=NumberSequence.new(0,1)
E.LightEmission=1
E.VelocitySpread=10
E.Speed=NumberRange.new(15,15)
E.Size=NumberSequence.new(1,3.75)
E.Enabled=false
E.RotSpeed=NumberRange.new(-300,300)
E.EmissionDirection=5
E.Texture="rbxassetid://1210092343"
E.Rotation=NumberRange.new(-180,180)
E.Parent=D
local F=Instance.new"MeshPart"
F.Name="pin"
F.Anchored=true
F.CanCollide=false
F.EnableFluidForces=false
F.Transparency=1
F.Material=1536
F.Size=Vector3.new(0.6564663052558899,0.0944577232003212,0.6564663052558899)
F.CFrame=CFrame.new(17.80027198791504,4.185263156890869,-0.49231192469596863,0.9786590933799744,-0.20549070835113525,-0.000008236654139182065,0.04650600254535675,0.2214479148387909,0.9740626811981201,-0.20015902817249298,-0.9532755613327026,0.22627860307693481)
F.TextureID="rbxassetid://2015571646"
F.Parent=b
local G=Instance.new"MeshPart"
G.Name="armA"
G.Anchored=true
G.CanCollide=false
G.EnableFluidForces=false
G.Transparency=1
G.TopSurface=3
G.Material=1296
G.Size=Vector3.new(0.550000011920929,1.100000023841858,0.550000011920929)
G.CFrame=CFrame.new(19.150001525878906,4.2999958992004395,0,-4.371138828673793e-08,1,0,4.371138828673793e-08,1.910685465164705e-15,-1,-1,-4.371138828673793e-08,-4.371138828673793e-08)
G.TextureID="rbxassetid://1218977833"
G.Parent=a
local H=Instance.new"Vector3Value"
H.Name="OS"
H.Value=Vector3.new(0.550000011920929,1.100000023841858,0.550000011920929)
H.Parent=G
local I=Instance.new"MeshPart"
I.Name="armB"
I.Anchored=true
I.CanCollide=false
I.EnableFluidForces=false
I.Transparency=1
I.TopSurface=3
I.Material=1296
I.Size=Vector3.new(0.550000011920929,1.100000023841858,0.550000011920929)
I.CFrame=CFrame.new(17,4.2999958992004395,2.1855699472439483e-09,-4.371138828673793e-08,-1,0,-4.371138828673793e-08,1.910685465164705e-15,-1,1,-4.371138828673793e-08,-4.371138828673793e-08)
I.TextureID="rbxassetid://1218977833"
I.Parent=a
local J=Instance.new"Vector3Value"
J.Name="OS"
J.Value=Vector3.new(0.550000011920929,1.100000023841858,0.550000011920929)
J.Parent=I
local K=Instance.new"MeshPart"
K.Name="armC"
K.Anchored=true
K.CanCollide=false
K.EnableFluidForces=false
K.Transparency=1
K.TopSurface=3
K.Material=1296
K.Size=Vector3.new(0.550000011920929,1.100000023841858,0.550000011920929)
K.CFrame=CFrame.new(20.05000114440918,4.2999958992004395,0,0,-1,0,0,0,-1,1,0,0)
K.TextureID="rbxassetid://1218977833"
K.Parent=a
local L=Instance.new"Vector3Value"
L.Name="OS"
L.Value=Vector3.new(0.550000011920929,1.100000023841858,0.550000011920929)
L.Parent=K
local M=Instance.new"MeshPart"
M.Name="armD"
M.Anchored=true
M.CanCollide=false
M.EnableFluidForces=false
M.Transparency=1
M.TopSurface=3
M.Material=1296
M.Size=Vector3.new(0.550000011920929,1.100000023841858,0.550000011920929)
M.CFrame=CFrame.new(15.950000762939453,4.2999958992004395,0,0,1,-0,-1,0,0,0,0,1)
M.TextureID="rbxassetid://1218977833"
M.Parent=a
local N=Instance.new"Vector3Value"
N.Name="OS"
N.Value=Vector3.new(0.550000011920929,1.100000023841858,0.550000011920929)
N.Parent=M
local O=Instance.new"MeshPart"
O.Name="legA"
O.Anchored=true
O.CanCollide=false
O.EnableFluidForces=false
O.Transparency=1
O.TopSurface=3
O.Material=1296
O.Size=Vector3.new(0.8370000123977661,1.2330000400543213,1.2070000171661377)
O.CFrame=CFrame.new(18.450000762939453,2.5999999046325684,-0.10000000149011612)
O.TextureID="rbxassetid://1218977833"
O.Parent=a
local P=Instance.new"Vector3Value"
P.Name="OS"
P.Value=Vector3.new(0.8370000123977661,1.2330000400543213,1.2070000171661377)
P.Parent=O
local Q=Instance.new"MeshPart"
Q.Name="legB"
Q.Anchored=true
Q.CanCollide=false
Q.EnableFluidForces=false
Q.Transparency=1
Q.TopSurface=3
Q.Material=1296
Q.Size=Vector3.new(0.8370000123977661,1.2330000400543213,1.2070000171661377)
Q.CFrame=CFrame.new(17.649999618530273,2.599997043609619,-0.10000000149011612)
Q.TextureID="rbxassetid://1218977833"
Q.Parent=a
local R=Instance.new"Vector3Value"
R.Name="OS"
R.Value=Vector3.new(0.8370000123977661,1.2330000400543213,1.2070000171661377)
R.Parent=Q
local S=Instance.new"MeshPart"
S.Name="torso"
S.Anchored=true
S.CanCollide=false
S.EnableFluidForces=false
S.Transparency=1
S.TopSurface=3
S.Material=1296
S.Size=Vector3.new(1.7130000591278076,1.6619999408721924,1.1030000448226929)
S.CFrame=CFrame.new(18.049999237060547,3.799999952316284,0)
S.TextureID="rbxassetid://1218977833"
S.Parent=a
local T=Instance.new"Sound"
T.Name="smack"
T.Volume=1
T.SoundId="rbxassetid://1158887396"
T.Parent=S
local U=Instance.new"NumberValue"
U.Name="vol"
U.Value=1.5
U.Parent=T
local V=Instance.new"Sound"
V.Name="dive"
V.Volume=1
V.SoundId="rbxassetid://1111026978"
V.Parent=S
local W=Instance.new"Sound"
W.Name="djump"
W.Volume=1
W.SoundId="rbxassetid://1111037815"
W.Parent=S
local X=Instance.new"Sound"
X.Name="flip"
X.Volume=1
X.SoundId="rbxassetid://1111027096"
X.Parent=S
local Y=Instance.new"NumberValue"
Y.Name="vol"
Y.Value=0.5
Y.Parent=X
local Za=Instance.new"Sound"
Za.Name="jump"
Za.Volume=1
Za.SoundId="rbxassetid://1111026710"
Za.Parent=S
local aa=Instance.new"Sound"
aa.Name="jump2"
aa.Volume=1
aa.SoundId="rbxassetid://1111027037"
aa.Parent=S
local ba=Instance.new"Sound"
ba.Name="land"
ba.Volume=1
ba.SoundId="rbxassetid://1111026822"
ba.Parent=S
local ca=Instance.new"Sound"
ca.Name="sa1"
ca.Volume=1
ca.SoundId="rbxassetid://1111027210"
ca.Parent=S
local da=Instance.new"Sound"
da.Name="sa2"
da.Volume=1
da.SoundId="rbxassetid://1111027268"
da.Parent=S
local ea=Instance.new"Sound"
ea.Name="sa3"
ea.Volume=1
ea.SoundId="rbxassetid://1111027338"
ea.Parent=S
local fa=Instance.new"Sound"
fa.Name="sa4"
fa.Volume=1
fa.SoundId="rbxassetid://1111027470"
fa.Parent=S
local ga=Instance.new"Sound"
ga.Name="sa5"
ga.Volume=1
ga.SoundId="rbxassetid://1111027556"
ga.Parent=S
local ha=Instance.new"Sound"
ha.Name="sb1"
ha.Volume=1
ha.SoundId="rbxassetid://1111037888"
ha.Parent=S
local ia=Instance.new"Sound"
ia.Name="sb2"
ia.Volume=1
ia.SoundId="rbxassetid://1111027682"
ia.Parent=S
local ja=Instance.new"Sound"
ja.Name="sb3"
ja.Volume=1
ja.SoundId="rbxassetid://1111027747"
ja.Parent=S
local ka=Instance.new"Sound"
ka.Name="sb4"
ka.Volume=1
ka.SoundId="rbxassetid://1111028130"
ka.Parent=S
local la=Instance.new"Sound"
la.Name="sb5"
la.Volume=1
la.SoundId="rbxassetid://1111028203"
la.Parent=S
local ma=Instance.new"Sound"
ma.Name="slide"
ma.Volume=0
ma.Looped=true
ma.SoundId="rbxassetid://1111026896"
ma.Parent=S
local na=Instance.new"Sound"
na.Name="powerup"
na.Volume=1
na.SoundId="rbxassetid://1146472046"
na.Parent=S
local oa=Instance.new"Sound"
oa.Name="pole"
oa.Volume=0.8
oa.SoundId="rbxassetid://1146306255"
oa.Parent=S
local pa=Instance.new"NumberValue"
pa.Name="vol"
pa.Value=0.5
pa.Parent=oa
local qa=Instance.new"Sound"
qa.Name="damage"
qa.Volume=1
qa.SoundId="rbxassetid://1146471968"
qa.Parent=S
local ra=Instance.new"Sound"
ra.Name="spin"
ra.Volume=1
ra.SoundId="rbxassetid://1158876829"
ra.Parent=S
local sa=Instance.new"NumberValue"
sa.Name="vol"
sa.Value=0.5
sa.Parent=ra
local ta=Instance.new"ParticleEmitter"
ta.Name="splash"
ta.LightInfluence=1
ta.Lifetime=NumberRange.new(0.4,1)
ta.Speed=NumberRange.new(2,2)
ta.Size=NumberSequence.new(0.2)
ta.Enabled=false
ta.Acceleration=Vector3.new(0,3,0)
ta.EmissionDirection=2
ta.Texture="rbxassetid://1185895913"
ta.Parent=S
local ua=Instance.new"Vector3Value"
ua.Name="OS"
ua.Value=Vector3.new(1.7130000591278076,1.6619999408721924,1.1030000448226929)
ua.Parent=S
local va=Instance.new"MeshPart"
va.Name="head"
va.Anchored=true
va.CanCollide=false
va.EnableFluidForces=false
va.Transparency=1
va.TopSurface=3
va.Color=Color3.fromRGB(145,161,255)
va.Material=1296
va.Size=Vector3.new(2.200000047683716,2,2)
va.CFrame=CFrame.new(18.049999237060547,5.599999904632568,0)
va.TextureID="rbxassetid://1218977833"
va.Parent=a
local wa=Instance.new"Beam"
wa.FaceCamera=true
wa.Width1=0.2
wa.Width0=0.2
wa.Transparency=NumberSequence.new(0)
wa.Color=ColorSequence.new(Color3.fromRGB(0,0,0))
wa.Parent=va
local xa=Instance.new"CFrameValue"
xa.Name="dcf"
xa.Parent=va
local ya=Instance.new"Attachment"
ya.Name="top"
ya.CFrame=CFrame.new(0,0.800000011920929,0)
ya.WorldPosition=Vector3.new(18.049999237060547,6.400000095367432,0)
ya.WorldCFrame=CFrame.new(18.049999237060547,6.400000095367432,0)
ya.Position=Vector3.new(0,0.800000011920929,0)
ya.Parent=va
local za=Instance.new"Decal"
za.Name="face"
za.Texture="rbxassetid://1451124286"
za.Parent=va
local Aa=Instance.new"BillboardGui"
Aa.Size=UDim2.new(8,0,1,0)
Aa.StudsOffset=Vector3.new(0,3,0)
Aa.Parent=va
local Ba=Instance.new"TextLabel"
Ba.ZIndex=2
Ba.Size=UDim2.new(1,0,1,0)
Ba.BackgroundTransparency=1
Ba.BackgroundColor3=Color3.fromRGB(255,255,255)
Ba.FontSize=5
Ba.TextStrokeColor3=Color3.fromRGB(165,165,165)
Ba.TextStrokeTransparency=0.8
Ba.TextSize=14
Ba.TextColor3=Color3.fromRGB(255,255,255)
Ba.Text="PRAISEBEETOTHEBUBBLE"
Ba.TextWrapped=true
Ba.TextWrap=true
Ba.Font=4
Ba.TextScaled=true
Ba.Parent=Aa
local Ca=Instance.new"Vector3Value"
Ca.Name="OS"
Ca.Value=Vector3.new(2.200000047683716,2,2)
Ca.Parent=va
local Da=Instance.new"MeshPart"
Da.Name="dot"
Da.Anchored=true
Da.CanCollide=false
Da.EnableFluidForces=false
Da.Transparency=1
Da.TopSurface=3
Da.Color=Color3.fromRGB(124,255,129)
Da.Material=272
Da.Size=Vector3.new(0.6610000133514404,0.6746100187301636,0.6740000247955322)
Da.CFrame=CFrame.new(18.049999237060547,9.099990844726562,0)
Da.Parent=a
local Ea=Instance.new"PointLight"
Ea.Name="L1"
Ea.Color=Color3.fromRGB(124,255,129)
Ea.Enabled=false
Ea.Range=16
Ea.Parent=Da
local Fa=Instance.new"PointLight"
Fa.Name="L2"
Fa.Enabled=false
Fa.Range=10
Fa.Parent=Da
local Ga=Instance.new"Vector3Value"
Ga.Name="vel"
Ga.Parent=Da
local Ha=Instance.new"Attachment"
Ha.Name="top"
Ha.WorldPosition=Vector3.new(18.049999237060547,9.099990844726562,0)
Ha.WorldCFrame=CFrame.new(18.049999237060547,9.099990844726562,0)
Ha.Parent=Da
local Ia=Instance.new"BillboardGui"
Ia.Name="L3"
Ia.Enabled=false
Ia.Size=UDim2.new(4,0,4,0)
Ia.Parent=Da
local Ja=Instance.new"ImageLabel"
Ja.Size=UDim2.new(1,0,1,0)
Ja.BackgroundTransparency=1
Ja.BackgroundColor3=Color3.fromRGB(255,255,255)
Ja.Image="rbxassetid://1418644211"
Ja.Parent=Ia
local Ka=Instance.new"Vector3Value"
Ka.Name="OS"
Ka.Value=Vector3.new(0.6610000133514404,0.6746100187301636,0.6740000247955322)
Ka.Parent=Da
g.Attachment0=e
g.Attachment1=h
j.Attachment0=i
j.Attachment1=f
wa.Attachment0=Ha
wa.Attachment1=ya
a.Parent=script

local a=Instance.new"Part"
a.Name="char"
a.Anchored=true
a.BottomSurface=0
a.CollisionGroup="2"
a.Transparency=1
a.CollisionGroupId=-1
a.Size=Vector3.new(3,3,3)
a.CFrame=CFrame.new(4.400000095367432,20.500009536743164,-97.89999389648438)
a.CustomPhysicalProperties=PhysicalProperties.new(0.07,0,0,100,100)
a.Shape=0
local b=Instance.new"Attachment"
b.Name="Center"
b.Parent=a
local c=Instance.new"VectorForce"
c.Visible=true
c.RelativeTo=2
c.Force=Vector3.new(0,0,0)
c.Parent=a
local d=Instance.new"BodyGyro"
d.MaxTorque=Vector3.new(5000,5000,5000)
d.D=300
d.Parent=a
c.Attachment0=b
a.Parent=script

-- poses
mas = script
Model0 = Instance.new("Model")
Part1 = Instance.new("Part")
Part3 = Instance.new("Part")
Part6 = Instance.new("Part")
Part8 = Instance.new("Part")
Part10 = Instance.new("Part")
Part12 = Instance.new("Part")
Part14 = Instance.new("Part")
Part16 = Instance.new("Part")
Model18 = Instance.new("Model")
MeshPart19 = Instance.new("MeshPart")
MeshPart20 = Instance.new("MeshPart")
MeshPart21 = Instance.new("MeshPart")
MeshPart22 = Instance.new("MeshPart")
MeshPart23 = Instance.new("MeshPart")
MeshPart30 = Instance.new("MeshPart")
MeshPart31 = Instance.new("MeshPart")
MeshPart32 = Instance.new("MeshPart")
Model59 = Instance.new("Model")
MeshPart60 = Instance.new("MeshPart")
MeshPart61 = Instance.new("MeshPart")
MeshPart62 = Instance.new("MeshPart")
MeshPart63 = Instance.new("MeshPart")
MeshPart64 = Instance.new("MeshPart")
MeshPart65 = Instance.new("MeshPart")
MeshPart66 = Instance.new("MeshPart")
MeshPart67 = Instance.new("MeshPart")
Model74 = Instance.new("Model")
MeshPart75 = Instance.new("MeshPart")
MeshPart76 = Instance.new("MeshPart")
MeshPart77 = Instance.new("MeshPart")
MeshPart78 = Instance.new("MeshPart")
MeshPart79 = Instance.new("MeshPart")
Model86 = Instance.new("Model")
MeshPart87 = Instance.new("MeshPart")
MeshPart88 = Instance.new("MeshPart")
MeshPart89 = Instance.new("MeshPart")
MeshPart90 = Instance.new("MeshPart")
Model0.Name = "pose"
Model0.Parent = mas
Model0.PrimaryPart = Part1
Part1.Name = "torso"
Part1.Parent = Model0
Part1.CFrame = CFrame.new(0, 0, 0, 0.99999994, 3.7252903e-09, 0, 3.7252903e-09, 0.99999994, 0, 0, 0, 1)
Part3.Name = "head"
Part3.Parent = Model0
Part3.CFrame = CFrame.new(-0.00111818314, 1.63110268, 0, 0.998829007, -0.0428525731, 0.0224548001, 0.0469951183, 0.969643235, -0.239965722, -0.0114899948, 0.240740016, 0.970521688)
Part6.Name = "legA"
Part6.Parent = Model0
Part6.CFrame = CFrame.new(0.584086418, -0.898745537, -0.579999983, 0.960282862, -0.278719813, 0.0131229386, 0.206440747, 0.678043306, -0.705435693, 0.187720969, 0.680126846, 0.708652496)
Part8.Name = "legB"
Part8.Parent = Model0
Part8.CFrame = CFrame.new(-0.447315216, -1.1475656, 0.140000001, 0.985903561, 0.129906327, 0.10544467, -0.16088514, 0.909086943, 0.384287506, -0.045936998, -0.395834923, 0.917172015)
Part10.Name = "armD"
Part10.Parent = Model0
Part10.CFrame = CFrame.new(-1.29345942, 1.40251637, -0.379999965, 0.399298549, 0.315556586, -0.860805571, 0.0149722937, -0.9410218, -0.338016808, -0.91669935, 0.122081622, -0.380472898)
Part12.Name = "armB"
Part12.Parent = Model0
Part12.CFrame = CFrame.new(-0.887123108, 0.707259715, -0.189999998, -0.422022015, -0.655798495, -0.625959873, 0.00791539811, 0.687766969, -0.725888371, 0.906551123, -0.311295599, -0.285061866)
Part14.Name = "armA"
Part14.Parent = Model0
Part14.CFrame = CFrame.new(0.902544022, 0.782138348, -0.180000007, -0.32293433, 0.725511432, 0.607738912, -0.0281971544, 0.634483457, -0.772421837, -0.946001232, -0.266578048, -0.184439138)
Part16.Name = "armC"
Part16.Parent = Model0
Part16.CFrame = CFrame.new(1.29239225, 1.47414899, -0.280000001, -0.000333428645, -0.171906948, 0.985113502, 0.0706491396, -0.982656121, -0.17145434, 0.997501731, 0.0695402399, 0.0124727879)
Model18.Name = "pose2"
Model18.Parent = mas
Model18.PrimaryPart = MeshPart32
MeshPart19.Name = "armA"
MeshPart19.Parent = Model18
MeshPart19.CFrame = CFrame.new(0.750002027, 0.242693976, -0.387472987, -0.999894142, -0.014552786, 7.50744846e-07, 0.0086270012, -0.592786312, -0.805313647, 0.0117200017, -0.805228353, 0.592849076)
MeshPart20.Name = "armB"
MeshPart20.Parent = Model18
MeshPart20.CFrame = CFrame.new(-0.699998975, 0.262036026, -0.445493013, -0.983170211, 0.182692513, -3.72239629e-06, -0.0481980108, -0.25939998, -0.964566529, -0.176220044, -0.948332846, 0.263839751)
MeshPart21.Name = "armC"
MeshPart21.Parent = Model18
MeshPart21.CFrame = CFrame.new(0.33000201, -0.117445, -0.822342992, 0.366192877, 0.930539072, 6.09211213e-07, -0.551667809, 0.217097089, -0.8053146, -0.749376774, 0.294900119, 0.592847764)
MeshPart22.Name = "armD"
MeshPart22.Parent = Model18
MeshPart22.CFrame = CFrame.new(-0.199999005, 0.164412975, -0.802380025, 0, -0.992852092, 0.11935211, -0.964566469, -0.0314898752, -0.261954188, 0.263840109, -0.115123048, -0.957671702)
MeshPart23.Name = "head"
MeshPart23.Parent = Model18
MeshPart23.CFrame = CFrame.new(0, 1.41998839, -0.840000033, 1, 0, 0, 0, 0.704259038, 0.709943056, 0, -0.709943056, 0.704259038)
MeshPart30.Name = "legA"
MeshPart30.Parent = Model18
MeshPart30.CFrame = CFrame.new(0.400002003, -0.48004362, -0.50000006, 1, 0, 0, 0, 0.987021446, -0.160589069, 0, 0.160589069, 0.987021446)
MeshPart31.Name = "legB"
MeshPart31.Parent = Model18
MeshPart31.CFrame = CFrame.new(-0.400000006, -0.570043027, -0.50999999, 1, 0, 0, 0, 0.993282855, -0.115711987, 0, 0.115711987, 0.993282855)
MeshPart32.Name = "torso"
MeshPart32.Parent = Model18
MeshPart32.Size = Vector3.new(1.7130000591278076, 1.6619999408721924, 1.1030000448226929)
Model59.Name = "pose3"
Model59.Parent = mas
MeshPart60.Name = "armA"
MeshPart60.Parent = Model59
MeshPart60.CFrame = CFrame.new(0.553475261, -0.767481685, 0.569526851, 0.74753803, -0.36887297, 0.55237639, -0.0325070024, 0.810304105, 0.585107386, -0.663423061, -0.455346107, 0.593742132)
MeshPart61.Name = "armC"
MeshPart61.Parent = Model59
MeshPart61.CFrame = CFrame.new(1.07486951, -1.41012359, 0.757205844, -0.244372934, -0.796969116, -0.552378654, -0.567296863, 0.579493225, -0.585116982, 0.786419809, 0.170375913, -0.593730509)
MeshPart62.Name = "legA"
MeshPart62.Parent = Model59
MeshPart62.CFrame = CFrame.new(0.824013233, -1.4467876, -0.87274611, 0.564471364, 0.521100461, -0.640176952, -0.825452447, 0.355733663, -0.438271552, -0.000651000417, 0.775827289, 0.630945146)
MeshPart63.Name = "legB"
MeshPart63.Parent = Model59
MeshPart63.CFrame = CFrame.new(0.0582452193, -1.18654871, -1.48104143, 0.952386975, -0.240086675, 0.187929735, 0.206039995, 0.0524681211, -0.977136016, 0.224737003, 0.969332576, 0.0994374081)
MeshPart64.Name = "armD"
MeshPart64.Parent = Model59
MeshPart64.CFrame = CFrame.new(-0.797695756, -0.588504672, -1.35872245, 0.0539050102, -0.34806788, -0.935918391, -0.992895246, -0.118257016, -0.013206874, -0.106082022, 0.929980636, -0.3519696)
MeshPart65.Name = "armB"
MeshPart65.Parent = Model59
MeshPart65.CFrame = CFrame.new(-0.703710794, -0.507013679, -0.58368814, -0.770509541, 0.573681593, -0.277856976, -0.126373932, 0.289769202, 0.948716819, 0.624775648, 0.766109288, -0.150771543)
MeshPart66.Name = "torso"
MeshPart66.Parent = Model59
MeshPart66.CFrame = CFrame.new(0.0844932199, -0.880919695, -0.176862121, 0.666028917, -0.168202221, -0.726714253, -0.249217972, 0.868082225, -0.429329306, 0.703061938, 0.467055947, 0.536248803)
MeshPart67.Name = "head"
MeshPart67.Parent = Model59
MeshPart67.CFrame = CFrame.new(-0.0220947787, 0.706925392, 0.243974864, 0.89877224, -0.0163450092, -0.438111305, 0, 0.999304771, -0.037281964, 0.438416123, 0.0335079841, 0.898147345)
Model74.Name = "pose4"
Model74.Parent = mas
MeshPart75.Name = "armA"
MeshPart75.Parent = Model74
MeshPart75.CFrame = CFrame.new(1.04467392, 0.611227989, -0.0119169988, 0.202126995, -0.968448877, -0.145779178, -0.256781012, -0.196049944, 0.946376204, -0.94509697, -0.153854862, -0.288306236)
MeshPart76.Name = "armB"
MeshPart76.Parent = Model74
MeshPart76.CFrame = CFrame.new(-0.685477018, 0.459461987, -0.534954011, -0.983170211, -0.182692379, 1.66575865e-06, -0.010331003, 0.0556060225, 0.998399436, -0.182400048, 0.98159641, -0.0565575846)
MeshPart77.Name = "armC"
MeshPart77.Parent = Model74
MeshPart77.CFrame = CFrame.new(1.93107188, 0.769636989, 0.202583, -0.15086399, -0.971408844, -0.183316559, 0.988452852, -0.145572737, -0.0420655943, 0.0141769983, -0.187545955, 0.982153594)
MeshPart78.Name = "armD"
MeshPart78.Parent = Model74
MeshPart78.CFrame = CFrame.new(-0.221295446, 0.418427587, -1.01259911, 0, -0.987917244, -0.154982716, -0.964566469, 0.0408906564, -0.260652155, 0.263840109, 0.149491131, -0.952911735)
MeshPart79.Name = "head"
MeshPart79.Parent = Model74
MeshPart79.CFrame = CFrame.new(0.0261649992, 1.55654895, -0.651158988, 0.96012789, -0.20513016, 0.189937085, 0.0355319977, 0.763442993, 0.644897103, -0.27729398, -0.612434924, 0.740291536)
Model86.Name = "pose5"
Model86.Parent = mas
MeshPart87.Name = "armA"
MeshPart87.Parent = Model86
MeshPart87.CFrame = CFrame.new(0.791000009, 0.430999994, -0.721000016, -0.95925945, -0.280924976, 0.030042097, -0.01598203, 0.160119295, 0.986968279, -0.282074362, 0.946278512, -0.158085689)
MeshPart88.Name = "armB"
MeshPart88.Parent = Model86
MeshPart88.CFrame = CFrame.new(-0.791243255, 0.431065261, -0.720954299, -0.959279001, 0.280859351, -0.0300306492, 0.0159779992, 0.160104126, 0.986970901, 0.282007992, 0.946300566, -0.158072099)
MeshPart89.Name = "armC"
MeshPart89.Parent = Model86
MeshPart89.CFrame = CFrame.new(0.58099997, 0.351999998, -1.54499996, -0.086727351, 0.649111688, 0.755733013, 0.995611072, 0.0832537562, 0.0427475348, -0.0351696908, 0.756123602, -0.653483152)
MeshPart90.Name = "armD"
MeshPart90.Parent = Model86
MeshPart90.CFrame = CFrame.new(-0.581033945, 0.35249272, -1.54515576, -0.0867850035, -0.649105132, -0.755732179, -0.995606124, 0.0832914934, 0.0427912883, 0.0351700038, 0.756125152, -0.653481424)

function sandbox(var,func)
	local env = getfenv(func)
	local newenv = setmetatable({},{
		__index = function(self,k)
			if k=="script" then
				return var
			else
				return env[k]
			end
		end,
	})
	setfenv(func,newenv)
	return func
end
cors = {}
mas = Instance.new("Model",game:GetService("Lighting"))
Folder0 = Instance.new("Folder")
Model1 = Instance.new("Model")
Model2 = Instance.new("Model")
MeshPart3 = Instance.new("MeshPart")
MeshPart4 = Instance.new("MeshPart")
MeshPart5 = Instance.new("MeshPart")
BodyGyro7 = Instance.new("BodyGyro")
VectorForce8 = Instance.new("VectorForce")
IntValue9 = Instance.new("IntValue")
ModuleScript10 = Instance.new("ModuleScript")
Model11 = Instance.new("Model")
Model12 = Instance.new("Model")
MeshPart13 = Instance.new("MeshPart")
MeshPart14 = Instance.new("MeshPart")
Part15 = Instance.new("Part")
BodyGyro16 = Instance.new("BodyGyro")
VectorForce17 = Instance.new("VectorForce")
IntValue18 = Instance.new("IntValue")
ModuleScript19 = Instance.new("ModuleScript")
Model20 = Instance.new("Model")
Model21 = Instance.new("Model")
MeshPart22 = Instance.new("MeshPart")
Part23 = Instance.new("Part")
BodyGyro24 = Instance.new("BodyGyro")
VectorForce25 = Instance.new("VectorForce")
IntValue26 = Instance.new("IntValue")
ModuleScript27 = Instance.new("ModuleScript")
Model28 = Instance.new("Model")
Model29 = Instance.new("Model")
MeshPart30 = Instance.new("MeshPart")
MeshPart31 = Instance.new("MeshPart")
MeshPart32 = Instance.new("MeshPart")
MeshPart33 = Instance.new("MeshPart")
Part34 = Instance.new("Part")
BodyGyro35 = Instance.new("BodyGyro")
VectorForce36 = Instance.new("VectorForce")
IntValue37 = Instance.new("IntValue")
ParticleEmitter38 = Instance.new("ParticleEmitter")
ModuleScript39 = Instance.new("ModuleScript")
Model40 = Instance.new("Model")
Model41 = Instance.new("Model")
MeshPart42 = Instance.new("MeshPart")
MeshPart43 = Instance.new("MeshPart")
MeshPart44 = Instance.new("MeshPart")
MeshPart45 = Instance.new("MeshPart")
Part46 = Instance.new("Part")
BodyGyro47 = Instance.new("BodyGyro")
VectorForce48 = Instance.new("VectorForce")
IntValue49 = Instance.new("IntValue")
ModuleScript50 = Instance.new("ModuleScript")
Model51 = Instance.new("Model")
Model52 = Instance.new("Model")
MeshPart53 = Instance.new("MeshPart")
MeshPart54 = Instance.new("MeshPart")
IntValue55 = Instance.new("IntValue")
Part56 = Instance.new("Part")
BodyGyro57 = Instance.new("BodyGyro")
VectorForce58 = Instance.new("VectorForce")
IntValue59 = Instance.new("IntValue")
ModuleScript60 = Instance.new("ModuleScript")
Model61 = Instance.new("Model")
Model62 = Instance.new("Model")
MeshPart63 = Instance.new("MeshPart")
MeshPart64 = Instance.new("MeshPart")
MeshPart65 = Instance.new("MeshPart")
Part66 = Instance.new("Part")
BodyGyro67 = Instance.new("BodyGyro")
VectorForce68 = Instance.new("VectorForce")
IntValue69 = Instance.new("IntValue")
ModuleScript70 = Instance.new("ModuleScript")
Folder0.Name = "enemies"
Folder0.Parent = mas
Model1.Name = "bossbee"
Model1.Parent = Folder0
Model2.Name = "vis"
Model2.Parent = Model1
MeshPart3.Name = "base"
MeshPart3.Parent = Model2
MeshPart3.CFrame = CFrame.new(0, 2.5, 0, 1, 0, 0, 0, 1, 0, 0, 0, 1)
MeshPart3.Position = Vector3.new(0, 2.5, 0)
MeshPart3.Size = Vector3.new(6.689109802246094, 8.69028377532959, 12.916250228881836)
MeshPart3.Anchored = true
MeshPart3.CanCollide = false
MeshPart3.TextureID = "rbxassetid://1902684630"
MeshPart4.Name = "wing1"
MeshPart4.Parent = Model2
MeshPart4.CFrame = CFrame.new(5.65178394, 5.79687309, -0.470981896, 0, 0, 1, 0, 1, -0, -1, 0, 0)
MeshPart4.Orientation = Vector3.new(0, 90, 0)
MeshPart4.Position = Vector3.new(5.6517839431762695, 5.796873092651367, -0.4709818959236145)
MeshPart4.Rotation = Vector3.new(0, 90, 0)
MeshPart4.Color = Color3.new(0.564706, 1, 0.913725)
MeshPart4.Transparency = 0.5
MeshPart4.Size = Vector3.new(5.3975958824157715, 1.583599328994751, 9.171953201293945)
MeshPart4.Anchored = true
MeshPart4.BrickColor = BrickColor.new("Pastel blue-green")
MeshPart4.CanCollide = false
MeshPart4.Material = Enum.Material.SmoothPlastic
MeshPart4.brickColor = BrickColor.new("Pastel blue-green")
MeshPart5.Name = "wing2"
MeshPart5.Parent = Model2
MeshPart5.CFrame = CFrame.new(-5.65178394, 5.79687309, -0.470981896, 0, 0, -1, 0, 1, 0, 1, 0, 0)
MeshPart5.Orientation = Vector3.new(0, -90, 0)
MeshPart5.Position = Vector3.new(-5.6517839431762695, 5.796873092651367, -0.4709818959236145)
MeshPart5.Rotation = Vector3.new(0, -90, 0)
MeshPart5.Color = Color3.new(0.564706, 1, 0.913725)
MeshPart5.Transparency = 0.5
MeshPart5.Size = Vector3.new(5.3975958824157715, 1.583599328994751, 9.171953201293945)
MeshPart5.Anchored = true
MeshPart5.BrickColor = BrickColor.new("Pastel blue-green")
MeshPart5.CanCollide = false
MeshPart5.Material = Enum.Material.SmoothPlastic
MeshPart5.brickColor = BrickColor.new("Pastel blue-green")
VectorForce8.Parent = mas
VectorForce8.Attachment0 = nil
VectorForce8.Force = Vector3.new(0, 0, 0)
VectorForce8.ApplyAtCenterOfMass = true
VectorForce8.RelativeTo = Enum.ActuatorRelativeTo.World
ModuleScript10.Parent = Model1
table.insert(cors,sandbox(ModuleScript10,function()
	local module = {}
	local vis = script.Parent.vis
	local col = script.Parent.col
	module.col = col
	function module.pose(displace)
		displace = displace or Vector3.new()
		local sin = math.sin(tick()*70)
		local mid = col.CFrame + displace
		vis.base.CFrame = mid
		local x=2
		vis.wing1.CFrame = mid * CFrame.new(1*x, 1.4*x, -0.2*x)*CFrame.Angles(0,math.pi/2,0)*CFrame.Angles(sin-.4,0,0)*CFrame.new(0,0,2*x)
